Sentence: The quick brown fox jumps over the lazy dog.
Time Taken: 10.03 seconds
Mistakes: 0
----------------------------------------
Sentence: The quick brown fox jumps over the lazy dog.
Time Taken: 9.91 seconds
Mistakes: 0
Words Per Minute: 54.50 WPM
Time Between Each Character: [1.559433937072754, 0.16546297073364258, 0.07588577270507812, 0.15343213081359863, 0.11834311485290527, 0.18743205070495605, 0.08474397659301758, 0.18742036819458008, 0.11824989318847656, 0.13707709312438965, 0.15420103073120117, 0.20389890670776367, 0.20400571823120117, 0.11897492408752441, 0.7007808685302734, 0.15659689903259277, 0.09432506561279297, 0.10207629203796387, 0.18610477447509766, 0.08646917343139648, 0.20453310012817383, 0.1534130573272705, 0.1015479564666748, 0.16943883895874023, 0.0675959587097168, 0.6289379596710205, 0.18870306015014648, 0.20487570762634277, 0.20363211631774902, 0.08474969863891602, 0.10344696044921875, 0.13590407371520996, 0.23858380317687988, 0.10281801223754883, 0.20282697677612305, 0.049318790435791016, 0.15366196632385254, 0.20343995094299316, 0.08503031730651855, 0.17029714584350586, 0.15249109268188477, 0.08524227142333984, 0.2716078758239746, 0.0834968090057373, 0.15225696563720703, 0.1354351043701172, 0.03449702262878418, 0.20301127433776855, 0.27210021018981934]
----------------------------------------
Sentence: The quick brown fox jumps over the lazy dog. Hello, world! How's it going?
Time Taken: 17.78 seconds
Mistakes: 0
Words Per Minute: 47.24 WPM
Time Between Each Character: [1.9874355792999268, 0.21463394165039062, 1.7803990840911865, 0.0786280632019043, 0.1342630386352539, 0.1703181266784668, 0.08512210845947266, 0.22087931632995605, 0.10072684288024902, 0.1698601245880127, 0.11947488784790039, 0.10034775733947754, 0.11944794654846191, 0.20401597023010254, 0.0003457069396972656, 0.13560175895690918, 0.3071150779724121, 0.18494200706481934, 0.15194487571716309, 0.10197091102600098, 0.1702420711517334, 0.13517284393310547, 0.18741393089294434, 0.08504080772399902, 0.11932682991027832, 0.16926884651184082, 0.1189267635345459, 0.20398306846618652, 0.2044222354888916, 0.1859760284423828, 0.5262641906738281, 0.15227699279785156, 0.2720482349395752, 0.17069196701049805, 0.18791723251342773, 0.1531050205230713, 0.11865496635437012, 0.15440011024475098, 0.28822994232177734, 0.0855569839477539, 0.1702117919921875, 0.08395099639892578, 0.11869311332702637, 0.18722820281982422, 0.11803388595581055, 0.10059881210327148, 0.1690537929534912, 0.06692624092102051, 0.2203669548034668, 0.08446598052978516, 0.13526082038879395, 0.08475589752197266, 0.1352088451385498, 0.18720388412475586, 0.305419921875, 0.20546793937683105, 0.1026451587677002, 0.13691973686218262, 0.10325813293457031, 0.13629913330078125, 0.1524202823638916, 0.16914010047912598, 0.25543808937072754, 0.1701200008392334, 0.13540983200073242, 0.08541011810302734, 0.18660306930541992, 0.10222220420837402, 0.11904191970825195, 0.22067499160766602, 0.06842994689941406, 0.1864159107208252, 0.11789417266845703, 0.11915898323059082, 0.16898083686828613, 0.11956095695495605, 0.20235586166381836, 0.15243196487426758, 0.11929798126220703, 0.18509507179260254, 0.13491582870483398, 0.08659720420837402, 0.15313196182250977, 0.08475017547607422, 0.13585424423217773, 0.20430207252502441, 0.06737089157104492, 0.23818397521972656, 0.34008026123046875]
----------------------------------------


FORMAT 
{previous character}, {current character}, {time in between character selections}, {ID of typer}Sentence: The quick brown fox jumps over the lazy dog. Hello, world! How's it going?
Time Taken: 33.31 seconds
Mistakes: 0
Words Per Minute: 25.22 WPM
Time Between Each Character: [6.212355613708496, 0.1826951503753662, 0.18388795852661133, 0.13268399238586426, 0.1698918342590332, 0.1341550350189209, 0.14777493476867676, 0.37116050720214844, 0.10311651229858398, 0.21795415878295898, 0.3371846675872803, 0.1627979278564453, 0.2519495487213135, 0.14998221397399902, 0.15033292770385742, 0.1311657428741455, 0.45043516159057617, 0.38227248191833496, 1.176119327545166, 0.23256802558898926, 0.10564327239990234, 0.11396145820617676, 0.09856510162353516, 0.19739198684692383, 0.18323063850402832, 0.24550247192382812, 0.3023197650909424, 0.11489558219909668, 0.14816808700561523, 0.21738719940185547, 0.06630253791809082, 0.26883602142333984, 0.14932489395141602, 0.13267111778259277, 0.4885132312774658, 0.3827505111694336, 0.14940237998962402, 0.11609458923339844, 0.13322019577026367, 0.2153618335723877, 0.26686930656433105, 0.1181027889251709, 0.8632946014404297, 0.13307452201843262, 0.1495208740234375, 0.20224380493164062, 0.22013020515441895, 0.08039116859436035, 0.15150809288024902, 0.11672234535217285, 0.15115046501159668, 0.36512112617492676, 0.18647241592407227, 0.06700444221496582, 0.15066814422607422, 0.08365964889526367, 0.08239340782165527, 0.08397245407104492, 0.08287692070007324, 0.1341843605041504, 0.18032503128051758, 1.0645709037780762, 0.2159745693206787, 0.1668851375579834, 0.4540128707885742, 0.1193692684173584, 0.9334008693695068, 0.34760355949401855, 0.15031886100769043, 0.38495588302612305, 0.3671596050262451, 0.3214430809020996, 0.1883563995361328, 0.20169639587402344, 0.21841645240783691, 0.3356175422668457, 0.16872692108154297, 0.8299992084503174, 0.9007599353790283, 0.049456119537353516, 0.2176189422607422, 0.15295743942260742, 0.7340281009674072, 0.16881823539733887, 0.4099433422088623, 0.30193066596984863, 0.286771297454834, 0.10203289985656738, 0.11562514305114746, 0.5157153606414795, 0.018307924270629883, 0.021368980407714844, 0.030727386474609375, 0.01720452308654785, 0.03312182426452637, 0.03233957290649414, 0.016629934310913086, 0.03223395347595215, 0.020781517028808594, 0.027665376663208008, 0.017781734466552734, 0.034607648849487305, 0.015486001968383789, 0.03220367431640625, 0.031124114990234375, 0.014639616012573242, 0.032421112060546875, 0.01967024803161621, 0.03347373008728027, 0.02888011932373047, 0.015858888626098633, 0.03333544731140137, 0.01649951934814453, 0.0, 0.3132803440093994, 0.18361663818359375, 0.41818714141845703, 0.2482130527496338, 0.16750502586364746, 0.19887280464172363, 0.11913490295410156, 0.1503891944885254, 0.11634230613708496, 0.13317561149597168, 0.06805825233459473, 0.3012051582336426, 0.10878944396972656, 0.1049807071685791, 0.09957313537597656, 0.12080717086791992, 0.1928083896636963, 0.06524395942687988]
----------------------------------------
